KNN Accuracy: 0.943 
Confusion Matrix:
 - mnist_project.py:39 [[103   0   0   0   0   0   3   0   0   0]
 [  0 113   0   0   0   0   0   0   0   0]
 [  1   1  87   1   0   0   2   4   1   1]
 [  0   0   1 108   0   1   0   2   0   0]
 [  0   0   0   0 107   0   2   1   0   5]
 [  0   0   0   2   1  74   0   0   0   1]
 [  3   0   0   0   0   0  83   0   0   0]
 [  0   2   0   0   1   0   0  80   0   0]
 [  1   0   3   0   3   1   2   0  86   1]
 [  2   1   0   1   3   0   0   3   0 102]]
Classification Report:
 - mnist_project.py:40               precision    recall  f1-score   support  

           0       0.94      0.97      0.95       106
           1       0.97      1.00      0.98       113
           2       0.96      0.89      0.92        98
           3       0.96      0.96      0.96       112
           4       0.93      0.93      0.93       115
           5       0.97      0.95      0.96        78
           6       0.90      0.97      0.93        86
           7       0.89      0.96      0.92        83
           8       0.99      0.89      0.93        97
           9       0.93      0.91      0.92       112

    accuracy                           0.94      1000
   macro avg       0.94      0.94      0.94      1000
weighted avg       0.94      0.94      0.94      1000

Naive Bayes Accuracy: 0.567 
Confusion Matrix:
 - mnist_project.py:39 [[ 94   0   1   0   0   0   8   0   0   3]
 [  0 105   0   1   0   1   5   0   0   1]
 [  6   5  27   7   0   1  34   0  13   5]
 [  6   5   1  53   0   1  16   1  18  11]
 [  5   1   1   1  35   1   8   1   5  57]
 [  5   2   1   2   5   3   7   0  43  10]
 [  1   0   0   0   1   0  82   0   2   0]
 [  0   2   0   0   0   0   0  26   3  52]
 [  0  14   1   2   0   5   8   0  36  31]
 [  2   0   0   0   0   0   2   1   1 106]]
Classification Report:
 - mnist_project.py:40               precision    recall  f1-score   support  

           0       0.79      0.89      0.84       106
           1       0.78      0.93      0.85       113
           2       0.84      0.28      0.42        98
           3       0.80      0.47      0.60       112
           4       0.85      0.30      0.45       115
           5       0.25      0.04      0.07        78
           6       0.48      0.95      0.64        86
           7       0.90      0.31      0.46        83
           8       0.30      0.37      0.33        97
           9       0.38      0.95      0.55       112

    accuracy                           0.57      1000
   macro avg       0.64      0.55      0.52      1000
weighted avg       0.65      0.57      0.54      1000

Logistic Regression Accuracy: 0.883
Confusion Matrix:
 - mnist_project.py:39 [[100   0   1   1   0   2   2   0   0   0]
 [  0 106   0   1   0   2   0   2   2   0]
 [  1   0  84   1   1   2   1   4   3   1]
 [  1   0   2  98   0   6   0   1   1   3]
 [  0   0   3   0 100   1   3   3   3   2]
 [  0   1   0   3   1  68   2   0   2   1]
 [  1   0   1   0   2   3  76   2   1   0]
 [  1   0   1   1   0   0   0  76   2   2]
 [  2   0   1   1   1   6   1   2  79   4]
 [  1   1   0   1   8   2   0   2   1  96]]
Classification Report:
 - mnist_project.py:40               precision    recall  f1-score   support  

           0       0.93      0.94      0.94       106
           1       0.98      0.94      0.96       113
           2       0.90      0.86      0.88        98
           3       0.92      0.88      0.89       112
           4       0.88      0.87      0.88       115
           5       0.74      0.87      0.80        78
           6       0.89      0.88      0.89        86
           7       0.83      0.92      0.87        83
           8       0.84      0.81      0.83        97
           9       0.88      0.86      0.87       112

    accuracy                           0.88      1000
   macro avg       0.88      0.88      0.88      1000
weighted avg       0.89      0.88      0.88      1000

Decision Tree Accuracy: 0.823
Confusion Matrix:
 - mnist_project.py:39 [[ 95   0   0   1   0   2   3   2   2   1]
 [  1 109   0   2   0   0   1   0   0   0]
 [  1   2  79   3   1   1   1   5   3   2]
 [  0   0   5  87   2  11   1   1   3   2]
 [  1   0   3   1  89   4   1   0   2  14]
 [  2   0   2   7   1  59   2   1   2   2]
 [  3   1   0   1   1   5  69   0   3   3]
 [  1   0   5   0   2   1   0  72   1   1]
 [  0   0   4   3   4   4   0   0  79   3]
 [  0   0   1   2  11   4   2   3   4  85]]
Classification Report:
 - mnist_project.py:40               precision    recall  f1-score   support  

           0       0.91      0.90      0.90       106
           1       0.97      0.96      0.97       113
           2       0.80      0.81      0.80        98
           3       0.81      0.78      0.79       112
           4       0.80      0.77      0.79       115
           5       0.65      0.76      0.70        78
           6       0.86      0.80      0.83        86
           7       0.86      0.87      0.86        83
           8       0.80      0.81      0.81        97
           9       0.75      0.76      0.76       112

    accuracy                           0.82      1000
   macro avg       0.82      0.82      0.82      1000
weighted avg       0.83      0.82      0.82      1000

Random Forest Accuracy: 0.877 
Confusion Matrix:
 - mnist_project.py:39 [[103   0   0   0   1   0   1   0   1   0]
 [  0 110   1   0   0   0   0   2   0   0]
 [  2   0  85   1   0   0   3   3   3   1]
 [  2   0   2  96   0   3   1   1   4   3]
 [  1   0   3   3 100   1   1   3   0   3]
 [  0   0   0  10   2  59   2   1   0   4]
 [  2   0   0   0   1   0  83   0   0   0]
 [  1   0   4   2   2   1   0  71   2   0]
 [  2   2   2   8   0   0   3   0  79   1]
 [  1   1   1   5   7   0   1   3   2  91]]
Classification Report:
 - mnist_project.py:40               precision    recall  f1-score   support  

           0       0.90      0.97      0.94       106
           1       0.97      0.97      0.97       113
           2       0.87      0.87      0.87        98
           3       0.77      0.86      0.81       112
           4       0.88      0.87      0.88       115
           5       0.92      0.76      0.83        78
           6       0.87      0.97      0.92        86
           7       0.85      0.86      0.85        83
           8       0.87      0.81      0.84        97
           9       0.88      0.81      0.85       112

    accuracy                           0.88      1000
   macro avg       0.88      0.87      0.87      1000
weighted avg       0.88      0.88      0.88      1000

AdaBoost Accuracy: 0.889 
Confusion Matrix:
 - mnist_project.py:39 [[100   0   0   1   0   2   3   0   0   0]
 [  0 107   0   0   0   2   0   2   2   0]
 [  1   1  85   1   1   2   1   4   2   0]
 [  0   0   2  98   0   8   0   1   1   2]
 [  0   0   3   0 103   1   3   3   0   2]
 [  0   1   0   3   0  68   2   0   3   1]
 [  2   0   0   0   1   2  77   2   2   0]
 [  1   0   1   2   0   0   0  75   2   2]
 [  0   1   2   2   1   4   1   3  79   4]
 [  1   1   0   2   9   1   0   0   1  97]]
Classification Report:
 - mnist_project.py:40               precision    recall  f1-score   support  

           0       0.95      0.94      0.95       106
           1       0.96      0.95      0.96       113
           2       0.91      0.87      0.89        98
           3       0.90      0.88      0.89       112
           4       0.90      0.90      0.90       115
           5       0.76      0.87      0.81        78
           6       0.89      0.90      0.89        86
           7       0.83      0.90      0.87        83
           8       0.86      0.81      0.84        97
           9       0.90      0.87      0.88       112

    accuracy                           0.89      1000
   macro avg       0.89      0.89      0.89      1000
weighted avg       0.89      0.89      0.89      1000

Gradient Boosting Accuracy: 0.797
Confusion Matrix:
 - mnist_project.py:39 [[ 99   0   1   0   0   0   1   1   4   0]
 [  0 104   0   4   0   0   2   0   3   0]
 [  5   5  78   1   4   0   1   1   3   0]
 [  4   2  10  84   0   0   1   1   6   4]
 [  3   4   2   2  90   1   1   1   6   5]
 [  1   3   2  13   1  50   1   0   3   4]
 [  3   2   0   0   3   1  75   0   2   0]
 [  1   2   3   1   3   0   0  66   0   7]
 [  0   4   2   6   4   3   0   2  72   4]
 [  3   1   4   3   9   1   0  10   2  79]]
Classification Report:
 - mnist_project.py:40               precision    recall  f1-score   support  

           0       0.83      0.93      0.88       106
           1       0.82      0.92      0.87       113
           2       0.76      0.80      0.78        98
           3       0.74      0.75      0.74       112
           4       0.79      0.78      0.79       115
           5       0.89      0.64      0.75        78
           6       0.91      0.87      0.89        86
           7       0.80      0.80      0.80        83
           8       0.71      0.74      0.73        97
           9       0.77      0.71      0.73       112

    accuracy                           0.80      1000
   macro avg       0.80      0.79      0.80      1000
weighted avg       0.80      0.80      0.80      1000

XGBoost (Baseline) Accuracy: 0.958
Confusion Matrix:
 - mnist_project.py:39 [[105   0   0   0   0   0   1   0   0   0]
 [  0 110   0   0   0   0   2   0   1   0]
 [  1   0  95   0   0   0   1   1   0   0]
 [  1   0   4 104   0   0   0   3   0   0]
 [  1   0   1   0 109   0   1   1   0   2]
 [  0   0   0   0   0  77   1   0   0   0]
 [  3   0   1   0   0   0  82   0   0   0]
 [  1   0   2   0   0   0   0  79   0   1]
 [  0   0   1   1   1   0   0   2  92   0]
 [  1   1   0   2   3   0   0   0   0 105]]
Classification Report:
 - mnist_project.py:40               precision    recall  f1-score   support  

           0       0.93      0.99      0.96       106
           1       0.99      0.97      0.98       113
           2       0.91      0.97      0.94        98
           3       0.97      0.93      0.95       112
           4       0.96      0.95      0.96       115
           5       1.00      0.99      0.99        78
           6       0.93      0.95      0.94        86
           7       0.92      0.95      0.93        83
           8       0.99      0.95      0.97        97
           9       0.97      0.94      0.95       112

    accuracy                           0.96      1000
   macro avg       0.96      0.96      0.96      1000
weighted avg       0.96      0.96      0.96      1000

SVM Accuracy: 0.965 
Confusion Matrix:
 - mnist_project.py:39 [[104   0   0   1   0   0   1   0   0   0]
 [  0 112   0   0   0   0   1   0   0   0]
 [  1   0  95   0   0   0   1   1   0   0]
 [  0   0   1 107   0   3   0   1   0   0]
 [  1   0   1   0 110   0   1   0   0   2]
 [  0   0   0   1   0  75   1   0   0   1]
 [  2   0   0   0   0   0  84   0   0   0]
 [  0   0   1   0   0   0   0  82   0   0]
 [  0   0   2   1   1   0   0   1  92   0]
 [  1   1   0   2   4   0   0   0   0 104]]
Classification Report:
 - mnist_project.py:40               precision    recall  f1-score   support  

           0       0.95      0.98      0.97       106
           1       0.99      0.99      0.99       113
           2       0.95      0.97      0.96        98
           3       0.96      0.96      0.96       112
           4       0.96      0.96      0.96       115
           5       0.96      0.96      0.96        78
           6       0.94      0.98      0.96        86
           7       0.96      0.99      0.98        83
           8       1.00      0.95      0.97        97
           9       0.97      0.93      0.95       112

    accuracy                           0.96      1000
   macro avg       0.96      0.97      0.97      1000
weighted avg       0.97      0.96      0.96      1000
